-0.626453810742332 1.35867955152904
0.183643324222082 -0.102787727342996
-0.835628612410047 0.387671611559369
1.59528080213779 -0.0538050405829051
0.329507771815361 -1.37705955682861
-0.820468384118015 -0.41499456329968
0.487429052428485 -0.394289953710349
0.738324705129217 -0.0593133967111857
0.575781351653492 1.10002537198388
-0.305388387156356 0.763175748457544
1.51178116845085 -0.164523596253587
0.389843236411431 -0.253361680136508
-0.621240580541804 0.696963375404737
-2.2146998871775 0.556663198673657
1.12493091814311 -0.68875569454952
-0.0449336090152309 -0.70749515696212
-0.0161902630989461 0.36458196213683
0.943836210685299 0.768532924515416
0.821221195098089 -0.112346212150228
0.593901321217509 0.881107726454215
0.918977371608218 0.398105880367068
0.782136300731067 -0.612026393250771
0.0745649833651906 0.341119691424425
-1.98935169586337 -1.12936309608079
0.61982574789471 1.43302370170104
-0.0561287395290008 1.98039989850586
-0.155795506705329 -0.367221476466509
-1.47075238389927 -1.04413462631653
-0.47815005510862 0.569719627442413
0.417941560199702 -0.135054603880824
5.60242664075716 1.18621995351252
1.94113999590025 3.81180170897476
3.03460904367617 3.74060392354243
2.042003238171 3.0503204742725
0.885090186676392 4.38025018181127
2.28318844927151 2.83772963834796
-0.707437943336557 0.0851116873129452
4.19833229234433 1.14010187864467
2.22988000731785 0.163081077652466
5.25891750554323 1.28989904534103
2.71326429334949 1.06944998416381
0.935080353617278 2.06317380971635
2.91608953023358 0.633617527171332
0.598853552533623 2.23704315860611
0.119549899641347 1.01812303412177
2.43716935327619 4.65093090405897
1.33506219017235 3.07506121402581
2.00165802744744 3.36526134424284
2.1115119862275 2.57627803673952
1.11571858071789 4.52326412077913
1.14699690077225 1.04639531907653
1.79723207731425 1.30753290445915
3.76713049485981 4.14842335781249
-0.285350200644643 1.02395547003445
2.89091928144263 1.68892888459705
2.49942555682028 1.41078810583702
3.59464975591454 1.52001069717724
1.54372411454855 1.58133004553516
2.55502821487443 2.74128249690174
2.40064818615835 1.73400427659559
